13.052371924031814
34.1888330532978
-18.737091582154907
35.62414926834166
62.77352087367495
-40.45649373714713
-61.797326489884725
-310.0810534756149
-145.85030571930082
-24.481041101225554
-18.43894826673884
-152.8377008117078
-41.24272315971895
-68.69349695090139
-140.38877997677514
-249.54383216875735
-234.87377614579725
-106.61895439658086
-211.82957481608304
-155.64601296612912
-106.50218560626274
-144.9540419379918
-251.11972030588325
-263.9634476080872
-207.41557688283294
-199.03656248855398
-279.7527073990684
-183.30740245996986
-269.848208566682
-190.4651142849382
-260.9849301855702
-169.34044421882493
-196.4062977923398
-365.6967547144913
-441.55601065895837
-207.28133690652132
-281.82446671184255
-416.2150001079903
-117.20202011432723
-371.3874454738244
-189.01360302589316
-540.0399649893861
-342.2475274065205
-326.0763669786836
-380.9493315782814
-474.17140861417073
-418.8453020714074
-563.0153873422913
-201.13938340687614
-460.5888754467501
-489.86105453043956
-248.55195660757434
-396.3291602945634
-768.9931220897402
-437.1211997154165
-309.3027357537616
-490.0324954563682
-230.62875862184245
-630.7660778497418
-646.977081115117
-428.7611570475049
-254.33262101380006
-290.1055099923889
-295.1894366971758
-212.10052643264262
-213.02143323269405
-531.9559490851277
-409.3233422067924
-324.519486211006
-292.4063016894813
-506.8337676605293
-368.54322984797994
-441.1696265092077
-376.8709415697737
-263.210825552991
-268.5998219230235
