13.052371924031814
34.1888330532978
-18.737091582154907
35.62414926834166
62.77352087367495
-40.45649373714713
-61.797326489884725
-310.0810534756149
-145.85030571930082
-24.481041101225554
-18.43894826673884
-152.8377008117078
-41.24272315971895
-68.69349695090139
-140.38877997677514
-249.54383216875735
-234.87377614579725
-106.61895439658086
-211.82957481608304
-155.64601296612912
-106.50218560626274
-144.9540419379918
-251.11972030588325
-263.9634476080872
-207.41557688283294
-199.03656248855398
-279.7527073990684
-183.30740245996986
-269.848208566682
-190.4651142849382
-260.9849301855702
-169.34044421882493
-196.4062977923398
-365.6967547144913
-441.55601065895837
-207.28133690652132
-281.82446671184255
-416.2150001079903
-117.20202011432723
-371.3874454738244
-189.01360302589316
-540.0399649893861
-342.2475274065205
-326.0763669786836
-380.9493315782814
-474.17140861417073
-418.8453020714074
-563.0153873422913
-201.13938340687614
-460.5888754467501
-489.86105453043956
-248.55195660757434
-396.3291602945634
-768.9931220897402
-437.1211997154165
-309.3027357537616
-490.0324954563682
-230.62875862184245
-630.7660778497418
-646.977081115117
-428.7611570475049
-254.33262101380006
-290.1055099923889
-295.1894366971758
-212.10052643264262
-213.02143323269405
-531.9559490851277
-409.3233422067924
-324.519486211006
-292.4063016894813
-506.8337676605293
-368.54322984797994
-441.1696265092077
-376.8709415697737
-263.210825552991
-268.5998219230235
-345.5428673863256
-426.37346072177905
-237.10624807977732
-468.22397977291814
-373.96562766295955
-120.5898349852038
-330.5222816684456
-289.1926366230388
-254.01627995135993
-329.5248381296793
-299.6023712158203
-335.3331206410311
-106.57320670895908
-164.11841240296076
-367.86001144175253
-362.67912540000106
-422.46128555798526
-212.83884811401364
-234.07670949876953
-294.7362575397314
-229.6734900652699
-176.20100770843536
-303.6041879729564
-256.3966884523259
-304.40783665017625
-191.4348328908285
-441.37340340219197
-259.5983863049283
-156.14635457350533
-293.22813081727134
-6.987891216316887
-194.94320796687887
-275.208063709974
-207.91918862032153
-63.70835853526101
-80.52814044425699
-304.298100692248
-330.99176470438636
-209.85294933470527
-239.01934381524535
-332.68165685125615
-158.01330503636993
-468.5305014065596
-110.94595643807031
-319.68243796745986
-219.10136753515266
-163.79548390706378
-376.8288449286917
-274.90510708389013
-328.4190086670524
-179.34621955851523
-204.30421128806051
-74.49459569914536
-356.66003750911574
-312.47162446038334
-89.97154357024593
-258.08861483816503
-270.07104918671786
-212.01783186271587
-155.88695211991
-192.64493073391313
-249.92956685676026
-138.4815825138355
-171.6329711085806
-293.88641744871927
-145.55378120483894
-225.04122859588972
-311.32110869557766
-399.89227880119313
-389.73634527728404
-383.6711321542397
-313.9924276658561
-130.43332011194187
41.17160590670231
-337.9361357538376
-313.5899086458362
-420.48900276388184
-347.9822906560861
-261.7953071894444
-458.34146998903987
-198.78113326876007
-345.5909004083003
-174.70493459387114
-283.59327393166313
-246.04397493661233
-358.79265973662933
-404.98038508409473
-235.78087706332602
-187.52619745846286
-275.05234599931094
-209.74837973037458
-335.7620104636175
-426.1129602912645
-261.6974394349156
-178.29607942782647
-286.55348790549664
-291.3700615319852
-346.1120020983485
-276.80135324314153
-82.91040528088823
-138.22967092755852
-194.333243024771
-146.07543961688768
-279.8001107531275
-244.64503949628775
-233.91556297347395
-233.32689826612756
-281.2090752779295
-136.35587762548573
-262.94658788450346
-102.5349346858244
-188.14997898113344
-349.11471969995245
-301.50842148638486
-293.141148135843
-130.96507206320402
-258.7803483797256
-230.69719966780644
-118.4294889834103
-270.6014398690529
-164.54130662066885
-416.1736699728584
-165.82068633360404
-249.6719219401593
-146.24687839795607
-231.8127510931177
-228.3910744930947
-69.73889141082795
-225.1989895513244
-427.41642339112093
-200.2018202537549
-137.4544245708558
-86.67320692434375
-284.6134490092357
-633.9883350235903
-378.7269352842016
-187.82046394786292
-196.47254247452153
-278.84708855484536
-246.67002930031214
-493.26598104512624
-263.216329574585
-189.60571710159454
-294.4749837159034
-497.5746213766262
-988.936952662972
-224.8748929134294
-184.94904720418512
-304.15313374158194
-125.21918186910355
-372.7187687617824
-277.197671917169
-161.79693640387057
-224.9222131331888
-368.60303845345226
-167.3412531694349
-116.9050133782626
-177.29570277482384
-238.1874340950576
-297.83373828529386
-33.30827531781775
-162.40313273889709
-194.10125902507673
-179.30487106015974
-113.685177358669
-256.54421655313513
-197.47758106207112
-162.19476250177755
-356.5433396723349
-329.17356827189275
-318.8554902440631
-208.69159942824183
-95.78319379302197
-171.11611165880063
-190.29241895275644
-110.68899036572553
-245.04927371420277
-271.6942133081532
-154.88177647964582
-209.86120884494508
-286.4445352162995
-317.4147090302661
-261.0772083503877
-195.50278709410725
-259.88813251108763
-416.64674144373674
-207.70541647964626
-77.62196241900782
-210.27227689115145
-232.8633521881779
-177.8010104550544
