-15.16303547451821
3.7360145348690432
-5.065684533896764
-7.463746128960829
-21.592593586126014
-29.672800597211502
-17.54268033851251
-31.61298814090067
-62.40214664972067
-32.65318378610147
-14.929543723643983
-36.17570213820967
-26.25889578435649
-93.26461647600544
-78.95597221556503
-80.12747779812368
-120.00106578882408
-102.87237125119664
-118.77537883510858
-152.66000130663633
-121.09925149476999
-138.15937173791002
-119.31547106537698
-120.32193648321356
-99.66986716967993
-102.14996110083844
-134.40850077126862
-64.65045924317478
-97.82435917403107
-153.73941124214932
-80.88500130792721
-118.10154918287219
-108.53617739683557
-156.30211968679976
-160.23933430936316
-196.59411770154682
-120.92724213388784
-119.03003154494894
-93.52594850067094
-194.2454576187491
-54.0000000000001
-108.52000203173915
-97.93333497666104
-94.24631331272496
-87.5128113094624
-54.52206290321692
-94.89700380455865
-98.82780893713625
-88.41249005304337
-122.4981291957612
-62.772358890180804
-69.4003245975226
-123.00690974640291
-31.94534323452112
-147.0945853539205
-55.16893893466754
-149.00763523952045
-95.44883247552369
-60.931520241003376
-39.99562034433397
-142.57876731141815
-32.27834402188666
-51.00743298476135
-63.417736343187784
-100.93354611465112
-329.6307094573457
-104.37041244602926
-170.32212649492087
-85.18490970431007
-125.1600591811986
-69.46278870881576
-205.03067377906163
-140.6009321441465
-108.49150353249951
-177.44756450036596
-245.42442693404206
-152.9025858304122
-190.2469037258479
-199.72263864585108
-259.78999030036107
-145.58477746292266
-210.54842498946152
-270.31910659218636
-289.9556627123553
-313.92796901540686
-234.11372367187923
-146.6501848969929
-263.30953449142817
-232.5836003493861
-277.72572886854863
-291.06442025066417
-254.74186511835566
-229.79827876059022
-237.83812732614135
-334.97309228486796
-278.8311858441424
-212.06004845532215
-298.59637431736985
-290.48896540327365
-216.31356452415176
-243.43932061006265
-234.22860695956132
-222.5947128155333
-353.48796962567707
-174.7101111986011
-273.5130724841857
-181.9774207410163
-217.4905715833051
-169.8612656254813
-193.48165935523008
-223.9426598991839
-263.36813593696047
-127.22461265654934
-325.7606281678007
-84.28779149259223
-151.28624140549607
-342.10079473621397
-184.849643716831
-229.35217741343746
-196.45807060812697
-118.04444995761718
-187.7544710706203
-235.24203707662147
-245.39761505968602
-148.24685018386356
-337.29234388966074
-302.92147438955953
-209.10945636918086
-238.1871772891267
-140.50316140447856
-387.21449351071686
-119.21955251035685
-281.76818901010506
-313.1648391759897
-362.65705642640756
-131.89054593673293
-287.8624004861667
-224.3097766270696
-292.8492098601228
-174.27634014320614
-250.4372779871773
-314.04779969545007
-309.8058705337093
-231.8116591709877
-429.03195984012456
-218.9403795258819
-239.06452148934838
-209.3764354020763
-128.54675189613502
-262.3779131150567
-328.5591871216659
-133.08397538278516
-156.63697890176178
-116.02862484988476
-193.5011210399045
-204.08619969509547
-162.12578539127125
-166.42022347064204
-104.79383674303543
-153.81286282236906
-204.85842471131534
-179.0513867246807
-177.50039308254398
-176.89817938848464
-311.9118471563168
-295.44454362520275
-142.1849234560305
-84.83532511014835
-147.27676532464292
-119.69529398162294
-114.45128945167517
-133.40443576560875
-239.03298509047502
-46.018599790741995
-200.36912939314638
-123.0617851765566
-132.6388534249983
-236.878298702541
-273.11978453746127
-353.47345112191243
-263.6827816929512
-157.63405948826716
-276.24183129907
-224.94137958985408
-197.9616734546774
-182.78873977171529
-227.7283959864179
-145.18521108779575
-197.33333333333468
-271.8822295259202
-208.19047711736607
-223.58443363979538
-440.4599152109382
-330.51168361283175
-275.5434119974441
-398.3961077325822
-407.4913413721492
-318.1650383377069
-433.9645562559924
-261.62932602224095
-342.3852117742371
-412.09968882720773
-542.2370140581062
-596.5868982203581
-522.4043015806591
-313.5351917382296
-345.51188525952074
-326.72177389639216
-420.8223064616349
-277.4760214492183
-610.8515781103437
-336.9293224741662
-428.12611252867083
-429.11285850733697
-236.1494973231328
-530.3972840319228
-283.9082019179954
-210.72359454832392
-304.3576195921328
-409.08238452893266
-461.66666666666106
-522.6894352607088
-536.9902089945923
-329.44759571601236
-443.28411107411034
-303.43168843817625
-413.7390188111349
-324.9168794386923
-458.5214166154949
-500.6764799363623
-313.8893509313581
-416.3686142989417
-247.46605222224372
-312.0308086288968
-258.6706647261203
-98.99999999999974
-153.71904328188842
-239.5661358191742
-239.05260017899514
-263.6299688205842
-161.81653608359417
-178.7510940750643
-273.7768811729394
-136.1007190838257
-140.47510210129866
-224.66530763516823
-298.74149226632574
-174.76141225751212
-186.2583380348699
-170.8808272984067
13.052371924031814
