309.41986201560536
-126.8204048181608
14.276077149568447
-753.8215564417084
-348.5299097358186
-6913.793391190855
367.28603577978174
-194.35317424575638
-41.22844880826476
-337.8124781381407
-1931.3019283234714
-780.6096581250506
-185.60991570332484
-493.9939084629981
151.2869816094169
0.0
-200.5608015876309
28.500981206034574
123.93412183584
-7525.973183989994
-7650.000371843499
-10254.257221608148
-60.938121027443586
-738.971932160179
-119.35999827487335
-683.0053348297056
-369.20000000001744
-422.2000000000135
-448.1000000000037
-465.90000000000526
-423.13333333333304
-450.99999999999756
-662.0333333333393
-830.833333333348
-899.8000000000134
-869.6333333333441
